0 56.61
1 56.89
2 56.61
3 57.04
4 56.49
5 57.49
6 56.09
7 57.00
8 56.70
9 58.09
10 57.51
11 58.58
12 58.64
13 58.77
14 58.77
15 58.87
16 58.20
17 59.07
18 58.99
19 59.10
20 59.12
21 61.47
22 60.85
23 58.84
24 57.77
25 58.73
26 58.74
27 59.48
28 58.89
29 60.16
30 54.97
31 56.49
32 55.84
33 56.71
34 55.37
35 57.88
36 54.29
37 57.39
38 51.71
39 54.15
40 53.17
41 54.45
42 52.84
43 54.03
44 47.24
45 47.86
46 47.79
47 49.23
48 48.74
49 49.30
50 49.21
51 49.44
52 49.24
53 62.37
54 61.34
55 54.06
56 43.69
57 46.22
58 41.34
59 40.30
60 40.30
61 41.15
62 39.84
63 41.23
64 28.48
65 28.95
66 28.32
67 29.03
68 27.92
69 28.66
70 28.38
71 29.38
72 25.62
73 25.31
74 25.30
75 25.69
76 29.50
77 41.64
78 43.29
79 42.34
80 41.70
81 44.29
82 43.68
83 46.25
84 43.97
85 44.97
86 41.01
87 42.36
88 37.10
89 42.27
90 40.60
91 41.04
92 38.34
93 38.45
94 37.93
95 39.27
96 36.65
97 39.47
98 32.87
99 32.79
100 22.68
101 23.97
102 25.24
103 26.96
104 28.35
105 33.60
106 30.74
107 35.12
108 22.11
109 23.04
110 18.16
111 19.54
112 17.77
113 18.51
114 12.70
115 12.48
116 11.31
117 13.73
118 12.68
119 15.79
120 14.73
121 15.16
122 14.55
123 14.13
124 13.67
125 15.56
126 12.77
127 13.54
128 10.45
129 11.56
130 9.56
131 10.44
132 11.08
133 9.68
134 6.86
135 7.54
136 5.68
137 6.93
138 4.99
139 5.24
140 4.01
141 4.89
142 2.46
143 4.40
144 2.05
145 3.37
146 2.14
147 5.43
148 1.97
149 5.88
150 1.90
151 8.16
152 2.31
153 6.23
154 2.47