0 43.39
1 43.11
2 43.39
3 42.96
4 43.51
5 42.51
6 43.91
7 43.00
8 43.30
9 41.91
10 42.49
11 41.42
12 41.36
13 41.23
14 41.23
15 41.13
16 41.80
17 40.93
18 41.01
19 40.90
20 40.88
21 38.53
22 39.15
23 41.16
24 42.23
25 41.27
26 41.26
27 40.52
28 41.11
29 39.84
30 45.03
31 43.51
32 44.16
33 43.29
34 44.63
35 42.12
36 45.71
37 42.61
38 48.29
39 45.85
40 46.83
41 45.55
42 47.16
43 45.97
44 52.76
45 52.14
46 52.21
47 50.77
48 51.26
49 50.70
50 50.79
51 50.56
52 50.76
53 37.63
54 38.66
55 45.94
56 56.31
57 53.78
58 58.66
59 59.70
60 59.70
61 58.85
62 60.16
63 58.77
64 71.52
65 71.05
66 71.68
67 70.97
68 72.08
69 71.34
70 71.62
71 70.62
72 74.38
73 74.69
74 74.70
75 74.31
76 70.50
77 58.36
78 56.71
79 57.66
80 58.30
81 55.71
82 56.32
83 53.75
84 56.03
85 55.03
86 58.99
87 57.64
88 62.90
89 57.73
90 59.40
91 58.96
92 61.66
93 61.55
94 62.07
95 60.73
96 63.35
97 60.53
98 67.13
99 67.21
100 77.32
101 76.03
102 74.76
103 73.04
104 71.65
105 66.40
106 69.26
107 64.88
108 77.89
109 76.96
110 81.84
111 80.46
112 82.23
113 81.49
114 87.30
115 87.52
116 88.69
117 86.27
118 87.32
119 84.21
120 85.27
121 84.84
122 85.45
123 85.87
124 86.33
125 84.44
126 87.23
127 86.46
128 89.55
129 88.44
130 90.44
131 89.56
132 88.92
133 90.32
134 93.14
135 92.46
136 94.32
137 93.07
138 95.01
139 94.76
140 95.99
141 95.11
142 97.54
143 95.60
144 97.95
145 96.63
146 97.86
147 94.57
148 98.03
149 94.12
150 98.10
151 91.84
152 97.69
153 93.77
154 97.53