0 43.42
1 43.46
2 44.79
3 44.11
4 44.05
5 43.97
6 44.40
7 44.08
8 44.57
9 44.71
10 45.24
11 45.51
12 46.24
13 48.69
14 47.77
15 46.21
16 50.18
17 47.04
18 46.42
19 45.48
20 46.34
21 46.16
22 47.78
23 45.13
24 46.43
25 44.50
26 45.36
27 45.26
28 45.03
29 44.97
30 48.70
31 48.12
32 48.61
33 47.30
34 58.15
35 53.21
36 54.39
37 54.01
38 51.40
39 56.29
40 60.34
41 56.04
42 57.38
43 55.88
44 58.14
45 55.88
46 55.08
47 63.94
48 68.61
49 65.32
50 66.17
51 60.28
52 56.58
53 57.79
54 60.46
55 71.99
56 74.65
57 75.31
58 74.50
59 78.94
60 79.87
61 78.56
62 77.62
63 79.56
64 82.90
65 79.44
66 82.82
67 83.68
68 83.86
69 77.46
70 80.23
71 82.17
72 85.42
73 83.47
74 85.81
75 80.69
76 77.18
77 77.08
78 79.47
79 81.01
80 81.76
81 70.68
82 77.05
83 76.46
84 83.24
85 82.02
86 81.98
87 81.88
88 83.54
89 81.35
90 79.42
91 81.27
92 82.35
93 80.87
94 88.04
95 85.44
96 87.84
97 83.19
98 83.48
99 83.47
100 86.25
101 77.71
102 76.84
103 75.92
104 80.65
105 74.99
106 77.73
107 68.48
108 74.96
109 75.13
110 80.64
111 72.89
112 80.49
113 76.36
114 72.15
115 64.09
116 62.87
117 64.27
118 61.17
119 64.15
120 71.79
121 69.71
122 68.95
123 66.71
124 68.46
125 67.07
126 57.46
127 70.14
128 75.94
129 68.33
130 85.53
131 68.44
132 82.93
133 54.42
134 68.97
135 67.55
136 76.49
137 66.91
138 91.98
139 80.56
140 85.09
141 58.89
142 57.32
143 51.28
144 88.72
145 86.57
146 81.16
147 65.64
148 74.28
149 57.11
150 52.91
151 63.31
152 75.29
153 71.68
154 68.12
155 45.55
156 71.12
157 68.36
158 54.00
159 29.69
160 49.83
161 52.02
162 54.25
163 39.91
164 69.39
165 73.73
166 60.46
167 55.12
168 69.13
169 56.02
170 57.35
171 55.22
172 61.07
173 58.15
174 67.50
175 65.33
176 67.33
177 66.43
178 60.70
179 54.52
180 61.28
181 32.46
182 37.06
183 34.35
184 36.67
185 30.40
186 28.63
187 11.97
188 26.01
189 19.71
190 18.73
191 19.29
192 16.15
193 28.81
194 32.67
195 22.70
196 21.30
197 7.89
198 32.72
199 31.63
200 40.15
201 39.25
202 41.44
203 26.47
204 26.16
205 6.98
206 8.86
207 9.07
208 8.18
209 5.02
210 6.37
211 3.00
212 3.48
213 18.39
214 41.01
215 2.31
216 24.10
217 10.14
218 9.61
219 8.33
